50
75
0 1
0 2
0 3
0 4
1 5
1 6
1 7
2 8
2 9
2 10
3 11
3 12
3 13
4 14
4 15
4 16
5 17
5 18
5 19
6 20
6 21
6 22
7 23
7 24
7 25
8 26
8 27
8 28
9 29
9 30
9 31
10 32
10 33
10 34
11 35
11 36
11 37
12 38
12 39
12 40
13 41
13 42
13 43
14 44
14 45
14 46
15 47
15 48
15 49
16 49
16 48
16 47
17 46
17 45
17 44
18 43
18 42
18 41
19 40
19 39
19 38
20 37
20 36
20 35
21 34
21 33
21 32
22 31
22 30
22 29
23 28
23 27
23 26
24 25
24 0
24 1
25 2
25 3
25 4
26 5
26 6
26 7
27 8
27 9
27 10
28 11
28 12
28 13
29 14
29 15
29 16
30 17
30 18
30 19
31 20
31 21
31 22
32 23
32 24
32 25
33 26
33 27
33 28
34 29
34 30
34 31
35 32
35 33
35 34
36 35
36 34
36 33
37 32
37 31
37 30
38 29
38 28
38 27
39 26
39 25
39 24
40 23
40 22
40 21
41 20
41 19
41 18
42 17
42 16
42 15
43 14
43 13
43 12
44 11
44 10
44 9
45 8
45 7
45 6
46 5
46 4
46 3
47 2
47 1
47 0
48 24
48 25
48 26
49 27
49 28
49 29
